coef
-1.6785972118157e-09
3.02147498527916e-05
-0.181288499237077
362.576998474155
0.129664846910321
-8.39553552122297
181.017971989385
-941.014803602263
2.36863151208414
-81.0106706079414
966.046459413369
-3769.94628981482
-20.8896234482549
549.484192774743
-4731.19628199643
13390.4234132267
21.0721673437692
-428.899530355352
2872.82229155353
-6309.10657006331
20.4971251861801
-417.462227773471
2796.99487112117
-6141.53216026804
-48.3055896106457
776.798974100073
-4112.90600760715
7185.18120275668
-57.6450829748691
924.523825203782
-4891.77165490262
8554.01362331112
69.4181174508045
-922.921738335899
4061.92251411038
-5910.75886297806
87.187838322571
-1157.41952110115
5093.43768756454
-7423.24445455309
-158.594971427802
1811.76878460806
-6863.02528844568
8625.69913740695
-162.947168950741
1861.22557464145
-7050.36161432973
8862.23490241206
132.96174882438
-1313.00596287474
4299.69155914889
-4665.83800995817
191.289683743384
-1892.42253491783
6218.28947982138
-6783.4957590448
-196.694873733205
1696.33493403315
-4846.73868755059
4588.57841091611
-447.545660657032
3909.72423041985
-11356.707206335
10970.9004881557
109.059474589865
-787.365518499106
1855.92218584208
-1417.87531322925
669.956480519244
-5231.09179786919
13591.1148250236
-11748.1505237764
-769.476505340282
5515.40083816211
-13152.541672773
10436.5500135912
890.191959586004
-5961.36918437847
13301.7879988534
-9889.48123621775
